\tikzsetnextfilename{inter-inter}
%
\begin{tikzpicture}[line cap=round, line join=round, mark size=0.05cm]
	\draw [use as bounding box, draw=none]
		(-1.000, -1.000) rectangle +(7.000, 7.000);
	\draw [color=orange, mark=*, only marks] plot coordinates {
		(0.687, 0.687) (0.825, 0.579) (0.962, 0.508) (1.100, 0.457)
		(1.237, 0.420) (1.375, 0.391) (1.512, 0.368) (1.650, 0.350)
		(1.787, 0.334) (1.925, 0.321) (2.062, 0.310) (2.200, 0.300)
		(2.337, 0.292) (2.475, 0.284) (2.612, 0.278) (2.750, 0.272)
		(2.887, 0.266) (3.025, 0.262) (3.162, 0.257) (3.300, 0.253)
		(3.437, 0.250) (3.575, 0.246) (3.712, 0.243) (3.850, 0.240)
		(3.987, 0.238) (4.125, 0.235) (4.262, 0.233) (4.400, 0.231)
		(4.537, 0.229) (4.675, 0.227) (4.812, 0.225) (4.950, 0.223)
		(5.087, 0.222) (5.225, 0.220) (5.362, 0.219) (5.500, 0.218) };
	\draw [color=orange, mark=*, only marks] plot coordinates {
		(0.687, 0.687) (0.579, 0.825) (0.508, 0.962) (0.457, 1.100)
		(0.420, 1.237) (0.391, 1.375) (0.368, 1.512) (0.350, 1.650)
		(0.334, 1.787) (0.321, 1.925) (0.310, 2.062) (0.300, 2.200)
		(0.292, 2.337) (0.284, 2.475) (0.278, 2.612) (0.272, 2.750)
		(0.266, 2.887) (0.262, 3.025) (0.257, 3.162) (0.253, 3.300)
		(0.250, 3.437) (0.246, 3.575) (0.243, 3.712) (0.240, 3.850)
		(0.238, 3.987) (0.235, 4.125) (0.233, 4.262) (0.231, 4.400)
		(0.229, 4.537) (0.227, 4.675) (0.225, 4.812) (0.223, 4.950)
		(0.222, 5.087) (0.220, 5.225) (0.219, 5.362) (0.218, 5.500) };
	\draw [color=orange] plot coordinates {
		(0.217, 5.500) (0.235, 4.126) (0.253, 3.315) (0.270, 2.780)
		(0.288, 2.400) (0.306, 2.117) (0.323, 1.897) (0.341, 1.722)
		(0.359, 1.579) (0.376, 1.460) (0.394, 1.360) (0.412, 1.274)
		(0.429, 1.199) (0.447, 1.134) (0.482, 1.026) (0.518, 0.940)
		(0.553, 0.869) (0.588, 0.810) (0.624, 0.760) (0.677, 0.699)
		(0.730, 0.649) (0.783, 0.607) (0.836, 0.572) (0.906, 0.533)
		(0.995, 0.494) (1.083, 0.463) (1.189, 0.432) (1.313, 0.403)
		(1.472, 0.374) (1.666, 0.347) (1.913, 0.322) (2.231, 0.298)
		(2.638, 0.276) (3.185, 0.256) (3.928, 0.238) (4.988, 0.223)
		(5.500, 0.217) };
	\draw [color=blue, mark=*, only marks] plot coordinates {
		(1.375, 1.375) (1.512, 1.255) (1.650, 1.163) (1.787, 1.089)
		(1.925, 1.029) (2.062, 0.979) (2.200, 0.937) (2.337, 0.902)
		(2.475, 0.871) (2.612, 0.843) (2.750, 0.820) (2.887, 0.798)
		(3.025, 0.779) (3.162, 0.762) (3.300, 0.747) (3.437, 0.733)
		(3.575, 0.720) (3.712, 0.709) (3.850, 0.698) (3.987, 0.688)
		(4.125, 0.679) (4.263, 0.670) (4.400, 0.662) (4.537, 0.655)
		(4.675, 0.648) (4.812, 0.642) (4.950, 0.635) (5.088, 0.630)
		(5.225, 0.624) (5.362, 0.619) (5.500, 0.614) };
	\draw [color=blue, mark=*, only marks] plot coordinates {
		(1.375, 1.375) (1.255, 1.512) (1.163, 1.650) (1.089, 1.787)
		(1.029, 1.925) (0.979, 2.062) (0.937, 2.200) (0.902, 2.337)
		(0.871, 2.475) (0.843, 2.612) (0.820, 2.750) (0.798, 2.887)
		(0.779, 3.025) (0.762, 3.162) (0.747, 3.300) (0.733, 3.437)
		(0.720, 3.575) (0.709, 3.712) (0.698, 3.850) (0.688, 3.987)
		(0.679, 4.125) (0.670, 4.263) (0.662, 4.400) (0.655, 4.537)
		(0.648, 4.675) (0.642, 4.812) (0.635, 4.950) (0.630, 5.088)
		(0.624, 5.225) (0.619, 5.362) (0.614, 5.500) };
	\draw [color=blue] plot coordinates {
		(0.613, 5.500) (0.630, 5.062) (0.646, 4.694) (0.662, 4.380)
		(0.679, 4.110) (0.695, 3.874) (0.728, 3.483) (0.760, 3.172)
		(0.793, 2.918) (0.826, 2.708) (0.858, 2.530) (0.891, 2.379)
		(0.924, 2.248) (0.956, 2.133) (1.006, 1.986) (1.055, 1.863)
		(1.104, 1.758) (1.153, 1.667) (1.202, 1.588) (1.251, 1.518)
		(1.316, 1.438) (1.381, 1.369) (1.447, 1.308) (1.529, 1.243)
		(1.610, 1.187) (1.692, 1.138) (1.790, 1.088) (1.904, 1.037)
		(2.035, 0.988) (2.182, 0.942) (2.346, 0.899) (2.525, 0.859)
		(2.738, 0.821) (2.983, 0.784) (3.277, 0.748) (3.620, 0.715)
		(4.029, 0.684) (4.536, 0.654) (5.157, 0.626) (5.500, 0.613) };
	\draw [color=red, mark=*, only marks] plot coordinates {
		(2.062, 2.062) (2.200, 1.938) (2.337, 1.835) (2.475, 1.749)
		(2.612, 1.675) (2.750, 1.611) (2.887, 1.556) (3.025, 1.507)
		(3.162, 1.464) (3.300, 1.425) (3.437, 1.390) (3.575, 1.359)
		(3.712, 1.331) (3.850, 1.305) (3.987, 1.281) (4.125, 1.260)
		(4.262, 1.239) (4.400, 1.221) (4.537, 1.204) (4.675, 1.188)
		(4.812, 1.173) (4.950, 1.159) (5.087, 1.146) (5.225, 1.134)
		(5.362, 1.122) (5.500, 1.111) };
	\draw [color=red, mark=*, only marks] plot coordinates {
		(2.062, 2.062) (1.938, 2.200) (1.835, 2.337) (1.749, 2.475)
		(1.675, 2.612) (1.611, 2.750) (1.556, 2.887) (1.507, 3.025)
		(1.464, 3.162) (1.425, 3.300) (1.390, 3.437) (1.359, 3.575)
		(1.331, 3.712) (1.305, 3.850) (1.281, 3.987) (1.260, 4.125)
		(1.239, 4.262) (1.221, 4.400) (1.204, 4.537) (1.188, 4.675)
		(1.173, 4.812) (1.159, 4.950) (1.146, 5.087) (1.134, 5.225)
		(1.122, 5.362) (1.111, 5.500) };
	\draw [color=red] plot coordinates {
		(1.109, 5.500) (1.139, 5.146) (1.168, 4.842) (1.212, 4.456)
		(1.256, 4.137) (1.300, 3.869) (1.344, 3.640) (1.388, 3.442)
		(1.432, 3.269) (1.476, 3.117) (1.520, 2.983) (1.565, 2.863)
		(1.623, 2.721) (1.682, 2.597) (1.741, 2.488) (1.799, 2.391)
		(1.873, 2.284) (1.946, 2.190) (2.020, 2.107) (2.093, 2.033)
		(2.181, 1.954) (2.269, 1.884) (2.372, 1.812) (2.475, 1.748)
		(2.592, 1.684) (2.725, 1.622) (2.857, 1.567) (3.004, 1.513)
		(3.180, 1.458) (3.371, 1.406) (3.576, 1.358) (3.811, 1.311)
		(4.076, 1.266) (4.384, 1.221) (4.736, 1.179) (5.148, 1.139)
		(5.500, 1.109) };
	\draw [line cap=butt]
		(0.000, 0) -- +(0, -0.070) node [below] {$0$}
		(1.375, 0) -- +(0, -0.070) node [below] {$1$}
		(2.750, 0) -- +(0, -0.070) node [below] {$2$}
		(4.125, 0) -- +(0, -0.070) node [below] {$3$}
		(5.500, 0) -- +(0, -0.070) node [below] {$4$}
		(0, 0.000) -- +(-0.070, 0) node [rotate=90, above] {$0$}
		(0, 1.375) -- +(-0.070, 0) node [rotate=90, above] {$1$}
		(0, 2.750) -- +(-0.070, 0) node [rotate=90, above] {$2$}
		(0, 4.125) -- +(-0.070, 0) node [rotate=90, above] {$3$}
		(0, 5.500) -- +(-0.070, 0) node [rotate=90, above] {$4$};
	\draw [<->, line cap=butt]
		(5.600, 0) -- (0, 0) -- (0, 5.600);
	\node [below=\baselineskip] at (2.750, -0.070)
		{$\lambda_{1 2}$};
	\node [rotate=90, above=\baselineskip] at (-0.070, 2.750)
		{$\lambda_{2 1}$};
	\node [align=center, below left=0.2cm] at (5.500, 5.500) {
		$\lambda \sub{od.}, \lambda_{1 1}, \lambda_{2 2}$ \\
		\begin{tikzpicture}[x=0.2cm, y=\baselineskip, mark indices={2}]
			\node [right] at (2, 0) {$\phantom 1 \mathllap{\tfrac 3 2}, 0, 0$};
			\draw [color=red, mark=*]
				plot coordinates { (0, 0) (1, 0) (2, 0) };
			\node [right] at (2, 1) {$1, 0, 0$};
			\draw [color=blue, mark=*]
				plot coordinates { (0, 1) (1, 1) (2, 1) };
			\node [right] at (2, 2) {$\phantom 1 \mathllap{\tfrac 1 2}, 0, 0$};
			\draw [color=orange, mark=*]
				plot coordinates { (0, 2) (1, 2) (2, 2) };
		\end{tikzpicture}
		};
\end{tikzpicture}%
