\tikzsetnextfilename{inter-intra}
%
\begin{tikzpicture}[line cap=round, line join=round, mark size=0.05cm]
	\draw [use as bounding box, draw=none]
		(-1.000, -1.000) rectangle +(7.000, 7.000);
	\draw [color=orange, mark=*, only marks] plot coordinates {
		(1.375, 1.375) (1.512, 1.255) (1.650, 1.163) (1.787, 1.089)
		(1.925, 1.029) (2.062, 0.979) (2.200, 0.937) (2.337, 0.902)
		(2.475, 0.871) (2.612, 0.843) (2.750, 0.820) (2.887, 0.798)
		(3.025, 0.779) (3.162, 0.762) (3.300, 0.747) (3.437, 0.733)
		(3.575, 0.720) (3.712, 0.709) (3.850, 0.698) (3.987, 0.688)
		(4.125, 0.679) (4.263, 0.670) (4.400, 0.662) (4.537, 0.655)
		(4.675, 0.648) (4.812, 0.642) (4.950, 0.635) (5.088, 0.630)
		(5.225, 0.624) (5.362, 0.619) (5.500, 0.614) };
	\draw [color=orange, mark=*, only marks] plot coordinates {
		(1.375, 1.375) (1.255, 1.512) (1.163, 1.650) (1.089, 1.787)
		(1.029, 1.925) (0.979, 2.062) (0.937, 2.200) (0.902, 2.337)
		(0.871, 2.475) (0.843, 2.612) (0.820, 2.750) (0.798, 2.887)
		(0.779, 3.025) (0.762, 3.162) (0.747, 3.300) (0.733, 3.437)
		(0.720, 3.575) (0.709, 3.712) (0.698, 3.850) (0.688, 3.987)
		(0.679, 4.125) (0.670, 4.263) (0.662, 4.400) (0.655, 4.537)
		(0.648, 4.675) (0.642, 4.812) (0.635, 4.950) (0.630, 5.088)
		(0.624, 5.225) (0.619, 5.362) (0.614, 5.500) };
	\draw [color=orange] plot coordinates {
		(0.613, 5.500) (0.630, 5.062) (0.646, 4.694) (0.662, 4.380)
		(0.679, 4.110) (0.695, 3.874) (0.728, 3.483) (0.760, 3.172)
		(0.793, 2.918) (0.826, 2.708) (0.858, 2.530) (0.891, 2.379)
		(0.924, 2.248) (0.956, 2.133) (1.006, 1.986) (1.055, 1.863)
		(1.104, 1.758) (1.153, 1.667) (1.202, 1.588) (1.251, 1.518)
		(1.316, 1.438) (1.381, 1.369) (1.447, 1.308) (1.529, 1.243)
		(1.610, 1.187) (1.692, 1.138) (1.790, 1.088) (1.904, 1.037)
		(2.035, 0.988) (2.182, 0.942) (2.346, 0.899) (2.525, 0.859)
		(2.738, 0.821) (2.983, 0.784) (3.277, 0.748) (3.620, 0.715)
		(4.029, 0.684) (4.536, 0.654) (5.157, 0.626) (5.500, 0.613) };
	\draw [color=blue, mark=*, only marks] plot coordinates {
		(1.375, 1.375) (1.512, 1.259) (1.650, 1.176) (1.787, 1.112)
		(1.925, 1.063) (2.062, 1.023) (2.200, 0.990) (2.337, 0.962)
		(2.475, 0.939) (2.612, 0.919) (2.750, 0.901) (2.887, 0.886)
		(3.025, 0.872) (3.162, 0.860) (3.300, 0.849) (3.437, 0.839)
		(3.575, 0.831) (3.712, 0.823) (3.850, 0.815) (3.987, 0.808)
		(4.125, 0.802) (4.263, 0.796) (4.400, 0.791) (4.537, 0.786)
		(4.675, 0.781) (4.812, 0.777) (4.950, 0.773) (5.088, 0.769)
		(5.225, 0.766) (5.362, 0.762) (5.500, 0.759) };
	\draw [color=blue, mark=*, only marks] plot coordinates {
		(1.375, 1.375) (1.259, 1.512) (1.176, 1.650) (1.112, 1.787)
		(1.063, 1.925) (1.023, 2.062) (0.990, 2.200) (0.962, 2.337)
		(0.939, 2.475) (0.919, 2.612) (0.901, 2.750) (0.886, 2.887)
		(0.872, 3.025) (0.860, 3.162) (0.849, 3.300) (0.839, 3.437)
		(0.831, 3.575) (0.823, 3.712) (0.815, 3.850) (0.808, 3.987)
		(0.802, 4.125) (0.796, 4.263) (0.791, 4.400) (0.786, 4.537)
		(0.781, 4.675) (0.777, 4.812) (0.773, 4.950) (0.769, 5.088)
		(0.766, 5.225) (0.762, 5.362) (0.759, 5.500) };
	\draw [color=blue] plot coordinates {
		(0.757, 5.500) (0.773, 4.883) (0.789, 4.405) (0.805, 4.024)
		(0.821, 3.713) (0.836, 3.455) (0.852, 3.237) (0.868, 3.050)
		(0.884, 2.888) (0.916, 2.623) (0.947, 2.413) (0.979, 2.244)
		(1.011, 2.105) (1.043, 1.987) (1.074, 1.888) (1.106, 1.802)
		(1.154, 1.693) (1.201, 1.603) (1.249, 1.528) (1.296, 1.463)
		(1.344, 1.407) (1.408, 1.344) (1.471, 1.290) (1.534, 1.244)
		(1.614, 1.195) (1.693, 1.154) (1.788, 1.112) (1.899, 1.070)
		(2.026, 1.032) (2.169, 0.996) (2.343, 0.960) (2.550, 0.926)
		(2.788, 0.895) (3.089, 0.865) (3.454, 0.837) (3.898, 0.811)
		(4.469, 0.787) (5.199, 0.764) (5.500, 0.757) };
	\draw [color=red, mark=*, only marks] plot coordinates {
		(1.375, 1.375) (1.512, 1.260) (1.650, 1.178) (1.787, 1.117)
		(1.925, 1.069) (2.062, 1.030) (2.200, 0.999) (2.337, 0.973)
		(2.475, 0.950) (2.612, 0.931) (2.750, 0.915) (2.887, 0.901)
		(3.025, 0.888) (3.162, 0.876) (3.300, 0.866) (3.437, 0.857)
		(3.575, 0.849) (3.712, 0.841) (3.850, 0.835) (3.987, 0.828)
		(4.125, 0.822) (4.263, 0.817) (4.400, 0.812) (4.537, 0.808)
		(4.675, 0.803) (4.812, 0.799) (4.950, 0.796) (5.088, 0.792)
		(5.225, 0.789) (5.362, 0.786) (5.500, 0.783) };
	\draw [color=red, mark=*, only marks] plot coordinates {
		(1.375, 1.375) (1.260, 1.512) (1.178, 1.650) (1.117, 1.787)
		(1.069, 1.925) (1.030, 2.062) (0.999, 2.200) (0.973, 2.337)
		(0.950, 2.475) (0.931, 2.612) (0.915, 2.750) (0.901, 2.887)
		(0.888, 3.025) (0.876, 3.162) (0.866, 3.300) (0.857, 3.437)
		(0.849, 3.575) (0.841, 3.712) (0.835, 3.850) (0.828, 3.987)
		(0.822, 4.125) (0.817, 4.263) (0.812, 4.400) (0.808, 4.537)
		(0.803, 4.675) (0.799, 4.812) (0.796, 4.950) (0.792, 5.088)
		(0.789, 5.225) (0.786, 5.362) (0.783, 5.500) };
	\draw [color=red] plot coordinates {
		(0.783, 5.500) (0.798, 4.840) (0.814, 4.339) (0.830, 3.946)
		(0.846, 3.629) (0.862, 3.368) (0.877, 3.150) (0.893, 2.964)
		(0.909, 2.805) (0.925, 2.666) (0.956, 2.437) (0.988, 2.255)
		(1.019, 2.107) (1.051, 1.985) (1.082, 1.882) (1.114, 1.794)
		(1.145, 1.718) (1.193, 1.622) (1.240, 1.542) (1.287, 1.475)
		(1.335, 1.418) (1.382, 1.368) (1.445, 1.311) (1.508, 1.263)
		(1.587, 1.213) (1.666, 1.170) (1.761, 1.127) (1.871, 1.086)
		(1.997, 1.047) (2.139, 1.012) (2.313, 0.977) (2.518, 0.944)
		(2.755, 0.914) (3.055, 0.885) (3.417, 0.858) (3.875, 0.833)
		(4.459, 0.810) (5.216, 0.789) (5.500, 0.783) };
	\draw [line cap=butt]
		(0.000, 0) -- +(0, -0.070) node [below] {$0$}
		(1.375, 0) -- +(0, -0.070) node [below] {$1$}
		(2.750, 0) -- +(0, -0.070) node [below] {$2$}
		(4.125, 0) -- +(0, -0.070) node [below] {$3$}
		(5.500, 0) -- +(0, -0.070) node [below] {$4$}
		(0, 0.000) -- +(-0.070, 0) node [rotate=90, above] {$0$}
		(0, 1.375) -- +(-0.070, 0) node [rotate=90, above] {$1$}
		(0, 2.750) -- +(-0.070, 0) node [rotate=90, above] {$2$}
		(0, 4.125) -- +(-0.070, 0) node [rotate=90, above] {$3$}
		(0, 5.500) -- +(-0.070, 0) node [rotate=90, above] {$4$};
	\draw [<->, line cap=butt]
		(5.600, 0) -- (0, 0) -- (0, 5.600);
	\node [below=\baselineskip] at (2.750, -0.070)
		{$\lambda_{1 2}$};
	\node [rotate=90, above=\baselineskip] at (-0.070, 2.750)
		{$\lambda_{2 1}$};
	\node [align=center, below left=0.2cm] at (5.500, 5.500) {
		$\lambda \sub{od.}, \lambda_{1 1}, \lambda_{2 2}$ \\
		\begin{tikzpicture}[x=0.2cm, y=\baselineskip, mark indices={2}]
			\node [right] at (2, 0) {$1, 100, 100$};
			\draw [color=red, mark=*]
				plot coordinates { (0, 0) (1, 0) (2, 0) };
			\node [right] at (2, 1) {$1, 10, 10$};
			\draw [color=blue, mark=*]
				plot coordinates { (0, 1) (1, 1) (2, 1) };
			\node [right] at (2, 2) {$1, 0, 0$};
			\draw [color=orange, mark=*]
				plot coordinates { (0, 2) (1, 2) (2, 2) };
		\end{tikzpicture}
		};
\end{tikzpicture}%
